1.528255767822265625e+02 2.204204101562500000e+02
1.930875549316406250e+02 2.213422241210937500e+02
2.330930023193359375e+02 2.223006744384765625e+02
2.727339782714843750e+02 2.226715087890625000e+02
3.126737060546875000e+02 2.235193786621093750e+02
3.523782653808593750e+02 2.245627746582031250e+02
3.918520507812500000e+02 2.254255676269531250e+02
4.315620422363281250e+02 2.262497406005859375e+02
4.707538452148437500e+02 2.272467651367187500e+02
5.103585510253906250e+02 2.280664978027343750e+02
1.509368286132812500e+02 2.596154785156250000e+02
1.915841827392578125e+02 2.606652221679687500e+02
2.316302337646484375e+02 2.612138977050781250e+02
2.718119812011718750e+02 2.616226501464843750e+02
3.120821228027343750e+02 2.626990661621093750e+02
3.518930664062500000e+02 2.637775268554687500e+02
3.917607421875000000e+02 2.643470458984375000e+02
4.319603271484375000e+02 2.649721984863281250e+02
4.717814025878906250e+02 2.657024841308593750e+02
5.116726379394531250e+02 2.665863342285156250e+02
1.492514495849609375e+02 2.998269042968750000e+02
1.898219604492187500e+02 3.005662231445312500e+02
2.302142028808593750e+02 3.010613098144531250e+02
2.706778564453125000e+02 3.017048339843750000e+02
3.111343994140625000e+02 3.027748413085937500e+02
3.514057312011718750e+02 3.034981994628906250e+02
3.915986022949218750e+02 3.041655578613281250e+02
4.320474548339843750e+02 3.048580932617187500e+02
4.723470764160156250e+02 3.055407714843750000e+02
5.118601989746093750e+02 3.065032348632812500e+02
1.468912200927734375e+02 3.403223571777343750e+02
1.882789306640625000e+02 3.408675842285156250e+02
2.288045806884765625e+02 3.414615478515625000e+02
2.697112426757812500e+02 3.421940307617187500e+02
3.101559448242187500e+02 3.428185119628906250e+02
3.510416870117187500e+02 3.437495422363281250e+02
3.913186340332031250e+02 3.443455200195312500e+02
4.324426574707031250e+02 3.451763000488281250e+02
4.726362609863281250e+02 3.458415832519531250e+02
5.138941040039062500e+02 3.464942016601562500e+02
1.444020233154296875e+02 3.812993469238281250e+02
1.858641967773437500e+02 3.815487365722656250e+02
2.270848236083984375e+02 3.823808288574218750e+02
2.684778442382812500e+02 3.828371887207031250e+02
3.094362182617187500e+02 3.836650085449218750e+02
3.505180053710937500e+02 3.843392639160156250e+02
3.908856811523437500e+02 3.851304321289062500e+02
4.320922546386718750e+02 3.856854248046875000e+02
4.724166259765625000e+02 3.865122985839843750e+02
5.135969848632812500e+02 3.871697998046875000e+02
1.401806030273437500e+02 4.233855285644531250e+02
1.828575439453125000e+02 4.237293395996093750e+02
2.250903472900390625e+02 4.242736206054687500e+02
2.670028686523437500e+02 4.248362121582031250e+02
3.085892028808593750e+02 4.253743286132812500e+02
3.503276672363281250e+02 4.258959045410156250e+02
3.913307189941406250e+02 4.266689147949218750e+02
4.327116699218750000e+02 4.275769653320312500e+02
4.741312255859375000e+02 4.283338623046875000e+02
5.158389282226562500e+02 4.290722351074218750e+02
1.367933044433593750e+02 4.668514709472656250e+02
1.803168792724609375e+02 4.670111694335937500e+02
2.229428558349609375e+02 4.674284362792968750e+02
2.654591064453125000e+02 4.677838439941406250e+02
3.076395874023437500e+02 4.684571533203125000e+02
3.498412780761718750e+02 4.689013061523437500e+02
3.917203674316406250e+02 4.696823730468750000e+02
4.342160034179687500e+02 4.703285217285156250e+02
4.764848022460937500e+02 4.713661193847656250e+02
5.180692138671875000e+02 4.719538879394531250e+02
