5.800000190734863281e+00 5.599999904632568359e+00 3.000000000000000000e+01
8.050000190734863281e+00 5.599999904632568359e+00 3.000000000000000000e+01
1.030000019073486328e+01 5.599999904632568359e+00 3.000000000000000000e+01
1.255000019073486328e+01 5.599999904632568359e+00 3.000000000000000000e+01
1.480000019073486328e+01 5.599999904632568359e+00 3.000000000000000000e+01
1.704999923706054688e+01 5.599999904632568359e+00 3.000000000000000000e+01
1.929999923706054688e+01 5.599999904632568359e+00 3.000000000000000000e+01
2.154999923706054688e+01 5.599999904632568359e+00 3.000000000000000000e+01
2.379999923706054688e+01 5.599999904632568359e+00 3.000000000000000000e+01
2.604999923706054688e+01 5.599999904632568359e+00 3.000000000000000000e+01
5.800000190734863281e+00 7.849999904632568359e+00 3.000000000000000000e+01
8.050000190734863281e+00 7.849999904632568359e+00 3.000000000000000000e+01
1.030000019073486328e+01 7.849999904632568359e+00 3.000000000000000000e+01
1.255000019073486328e+01 7.849999904632568359e+00 3.000000000000000000e+01
1.480000019073486328e+01 7.849999904632568359e+00 3.000000000000000000e+01
1.704999923706054688e+01 7.849999904632568359e+00 3.000000000000000000e+01
1.929999923706054688e+01 7.849999904632568359e+00 3.000000000000000000e+01
2.154999923706054688e+01 7.849999904632568359e+00 3.000000000000000000e+01
2.379999923706054688e+01 7.849999904632568359e+00 3.000000000000000000e+01
2.604999923706054688e+01 7.849999904632568359e+00 3.000000000000000000e+01
5.800000190734863281e+00 1.010000038146972656e+01 3.000000000000000000e+01
8.050000190734863281e+00 1.010000038146972656e+01 3.000000000000000000e+01
1.030000019073486328e+01 1.010000038146972656e+01 3.000000000000000000e+01
1.255000019073486328e+01 1.010000038146972656e+01 3.000000000000000000e+01
1.480000019073486328e+01 1.010000038146972656e+01 3.000000000000000000e+01
1.704999923706054688e+01 1.010000038146972656e+01 3.000000000000000000e+01
1.929999923706054688e+01 1.010000038146972656e+01 3.000000000000000000e+01
2.154999923706054688e+01 1.010000038146972656e+01 3.000000000000000000e+01
2.379999923706054688e+01 1.010000038146972656e+01 3.000000000000000000e+01
2.604999923706054688e+01 1.010000038146972656e+01 3.000000000000000000e+01
5.800000190734863281e+00 1.235000038146972656e+01 3.000000000000000000e+01
8.050000190734863281e+00 1.235000038146972656e+01 3.000000000000000000e+01
1.030000019073486328e+01 1.235000038146972656e+01 3.000000000000000000e+01
1.255000019073486328e+01 1.235000038146972656e+01 3.000000000000000000e+01
1.480000019073486328e+01 1.235000038146972656e+01 3.000000000000000000e+01
1.704999923706054688e+01 1.235000038146972656e+01 3.000000000000000000e+01
1.929999923706054688e+01 1.235000038146972656e+01 3.000000000000000000e+01
2.154999923706054688e+01 1.235000038146972656e+01 3.000000000000000000e+01
2.379999923706054688e+01 1.235000038146972656e+01 3.000000000000000000e+01
2.604999923706054688e+01 1.235000038146972656e+01 3.000000000000000000e+01
5.800000190734863281e+00 1.460000038146972656e+01 3.000000000000000000e+01
8.050000190734863281e+00 1.460000038146972656e+01 3.000000000000000000e+01
1.030000019073486328e+01 1.460000038146972656e+01 3.000000000000000000e+01
1.255000019073486328e+01 1.460000038146972656e+01 3.000000000000000000e+01
1.480000019073486328e+01 1.460000038146972656e+01 3.000000000000000000e+01
1.704999923706054688e+01 1.460000038146972656e+01 3.000000000000000000e+01
1.929999923706054688e+01 1.460000038146972656e+01 3.000000000000000000e+01
2.154999923706054688e+01 1.460000038146972656e+01 3.000000000000000000e+01
2.379999923706054688e+01 1.460000038146972656e+01 3.000000000000000000e+01
2.604999923706054688e+01 1.460000038146972656e+01 3.000000000000000000e+01
5.800000190734863281e+00 1.685000038146972656e+01 3.000000000000000000e+01
8.050000190734863281e+00 1.685000038146972656e+01 3.000000000000000000e+01
1.030000019073486328e+01 1.685000038146972656e+01 3.000000000000000000e+01
1.255000019073486328e+01 1.685000038146972656e+01 3.000000000000000000e+01
1.480000019073486328e+01 1.685000038146972656e+01 3.000000000000000000e+01
1.704999923706054688e+01 1.685000038146972656e+01 3.000000000000000000e+01
1.929999923706054688e+01 1.685000038146972656e+01 3.000000000000000000e+01
2.154999923706054688e+01 1.685000038146972656e+01 3.000000000000000000e+01
2.379999923706054688e+01 1.685000038146972656e+01 3.000000000000000000e+01
2.604999923706054688e+01 1.685000038146972656e+01 3.000000000000000000e+01
5.800000190734863281e+00 1.910000038146972656e+01 3.000000000000000000e+01
8.050000190734863281e+00 1.910000038146972656e+01 3.000000000000000000e+01
1.030000019073486328e+01 1.910000038146972656e+01 3.000000000000000000e+01
1.255000019073486328e+01 1.910000038146972656e+01 3.000000000000000000e+01
1.480000019073486328e+01 1.910000038146972656e+01 3.000000000000000000e+01
1.704999923706054688e+01 1.910000038146972656e+01 3.000000000000000000e+01
1.929999923706054688e+01 1.910000038146972656e+01 3.000000000000000000e+01
2.154999923706054688e+01 1.910000038146972656e+01 3.000000000000000000e+01
2.379999923706054688e+01 1.910000038146972656e+01 3.000000000000000000e+01
2.604999923706054688e+01 1.910000038146972656e+01 3.000000000000000000e+01
